29
0
0 9477 1565 6012 7287 3440 7626 10658 2194 2978 3665 10341 4651 8690 5732 4276 8092 5161 1554 5631 3434 3567 5734 7918 4744 8505 4120 4348 5573
9477 0 8980 3867 3486 7827 2205 2053 8509 11129 6234 1736 12802 2177 13883 12427 2839 13312 9705 13782 7005 11718 4291 3175 5205 1090 6323 12499 13724
1565 8980 0 5515 6790 2943 7129 10161 1697 3217 3168 9844 4890 8193 5971 4515 7595 5400 1793 5870 2937 3806 5237 7421 4247 8008 3623 4587 5812
6012 3867 5515 0 1677 4362 2016 5048 5044 7664 2769 4731 9337 3080 10418 8962 2482 9847 6240 10317 3540 8253 826 2308 1740 2895 2858 9034 10259
7287 3486 6790 1677 0 5637 1635 4667 6319 8939 4044 4350 10612 2699 11693 10237 2101 11122 7515 11592 4815 9528 2101 1927 3015 2514 4133 10309 11534
3440 7827 2943 4362 5637 0 5976 9008 2472 5092 2015 8691 6765 7040 7846 6390 6442 7275 3668 7745 1784 5681 4084 6268 3094 6855 2470 6462 7687
7626 2205 7129 2016 1635 5976 0 3386 6658 9278 4383 3069 10951 1418 12032 10576 988 11461 7854 11931 5154 9867 2440 1324 3354 1233 4472 10648 11873
10658 2053 10161 5048 4667 9008 3386 0 9690 12310 7415 1345 13983 3358 15064 13608 4020 14493 10886 14963 8186 12899 5472 4356 6386 2271 7504 13680 14905
2194 8509 1697 5044 6319 2472 6658 9690 0 3846 2697 9373 5519 7722 6600 5144 7124 6029 2422 6499 2466 4435 4766 6950 3776 7537 3152 5216 6441
2978 11129 3217 7664 8939 5092 9278 12310 3846 0 5317 11993 3075 10342 4156 2700 9744 3585 1734 4055 5086 1991 7386 9570 6396 10157 5772 2772 3997
3665 6234 3168 2769 4044 2015 4383 7415 2697 5317 0 7098 6990 5447 8071 6615 4849 7500 3893 7970 1193 5906 2491 4675 1501 5262 877 6687 7912
10341 1736 9844 4731 4350 8691 3069 1345 9373 11993 7098 0 13666 3041 14747 13291 3703 14176 10569 14646 7869 12582 5155 4039 6069 1954 7187 13363 14588
4651 12802 4890 9337 10612 6765 10951 13983 5519 3075 6990 13666 0 12015 2619 1357 11417 2048 3407 2518 6759 2534 9059 11243 8069 11830 7445 1235 2460
8690 2177 8193 3080 2699 7040 1418 3358 7722 10342 5447 3041 12015 0 13096 11640 2052 12525 8918 12995 6218 10931 3504 2388 4418 1205 5536 11712 12937
5732 13883 5971 10418 11693 7846 12032 15064 6600 4156 8071 14747 2619 13096 0 2438 12498 1859 4488 557 7840 3615 10140 12324 9150 12911 8526 2176 1805
4276 12427 4515 8962 10237 6390 10576 13608 5144 2700 6615 13291 1357 11640 2438 0 11042 1867 3032 2337 6384 2159 8684 10868 7694 11455 7070 1054 2279
8092 2839 7595 2482 2101 6442 988 4020 7124 9744 4849 3703 11417 2052 12498 11042 0 11927 8320 12397 5620 10333 2906 1790 3820 1867 4938 11114 12339
5161 13312 5400 9847 11122 7275 11461 14493 6029 3585 7500 14176 2048 12525 1859 1867 11927 0 3917 1758 7269 3044 9569 11753 8579 12340 7955 1605 1700
1554 9705 1793 6240 7515 3668 7854 10886 2422 1734 3893 10569 3407 8918 4488 3032 8320 3917 0 4387 3662 2323 5962 8146 4972 8733 4348 3104 4329
5631 13782 5870 10317 11592 7745 11931 14963 6499 4055 7970 14646 2518 12995 557 2337 12397 1758 4387 0 7739 3514 10039 12223 9049 12810 8425 2075 1704
3434 7005 2937 3540 4815 1784 5154 8186 2466 5086 1193 7869 6759 6218 7840 6384 5620 7269 3662 7739 0 5675 3262 5446 2272 6033 1648 6456 7681
3567 11718 3806 8253 9528 5681 9867 12899 4435 1991 5906 12582 2534 10931 3615 2159 10333 3044 2323 3514 5675 0 7975 10159 6985 10746 6361 2231 3456
5734 4291 5237 826 2101 4084 2440 5472 4766 7386 2491 5155 9059 3504 10140 8684 2906 9569 5962 10039 3262 7975 0 2732 1462 3319 2580 8756 9981
7918 3175 7421 2308 1927 6268 1324 4356 6950 9570 4675 4039 11243 2388 12324 10868 1790 11753 8146 12223 5446 10159 2732 0 3646 2203 4764 10940 12165
4744 5205 4247 1740 3015 3094 3354 6386 3776 6396 1501 6069 8069 4418 9150 7694 3820 8579 4972 9049 2272 6985 1462 3646 0 4233 1590 7766 8991
8505 1090 8008 2895 2514 6855 1233 2271 7537 10157 5262 1954 11830 1205 12911 11455 1867 12340 8733 12810 6033 10746 3319 2203 4233 0 5351 11527 12752
4120 6323 3623 2858 4133 2470 4472 7504 3152 5772 877 7187 7445 5536 8526 7070 4938 7955 4348 8425 1648 6361 2580 4764 1590 5351 0 7142 8367
4348 12499 4587 9034 10309 6462 10648 13680 5216 2772 6687 13363 1235 11712 2176 1054 11114 1605 3104 2075 6456 2231 8756 10940 7766 11527 7142 0 2017
5573 13724 5812 10259 11534 7687 11873 14905 6441 3997 7912 14588 2460 12937 1805 2279 12339 1700 4329 1704 7681 3456 9981 12165 8991 12752 8367 2017 0
