28
0 13177 10449 8430 12199 13035 10898 9253 9449 2394 1709 3778 5327 3516 4838 4092 4724 7058 3823 1873 11806 3964 8821 1694 4287 6172 11634 6935
13177 0 3388 6565 1966 1260 3563 4634 4212 12015 11924 11151 9378 11611 9257 10733 10055 7163 10754 13530 2797 10289 4992 13351 9726 8275 2753 7792
10449 3388 0 3837 2410 3246 1109 1906 1484 9287 9196 8423 6650 8883 6529 8005 7327 4435 8026 10802 2017 7561 2264 10623 6998 5547 1845 5064
8430 6565 3837 0 5587 6423 4286 2641 2837 7268 7177 6404 4631 6864 4510 5986 5308 2416 6007 8783 5194 5542 2209 8604 4979 3528 5022 3045
12199 1966 2410 5587 0 1824 2585 3656 3234 11037 10946 10173 8400 10633 8279 9755 9077 6185 9776 12552 1819 9311 4014 12373 8748 7297 1775 6814
13035 1260 3246 6423 1824 0 3421 4492 4070 11873 11782 11009 9236 11469 9115 10591 9913 7021 10612 13388 2655 10147 4850 13209 9584 8133 2611 7650
10898 3563 1109 4286 2585 3421 0 2355 1933 9736 9645 8872 7099 9332 6978 8454 7776 4884 8475 11251 2192 8010 2713 11072 7447 5996 2020 5513
9253 4634 1906 2641 3656 4492 2355 0 906 8091 8000 7227 5454 7687 5333 6809 6131 3239 6830 9606 3263 6365 1068 9427 5802 4351 3091 3868
9449 4212 1484 2837 3234 4070 1933 906 0 8287 8196 7423 5650 7883 5529 7005 6327 3435 7026 9802 2841 6561 1264 9623 5998 4547 2669 4064
2394 12015 9287 7268 11037 11873 9736 8091 8287 0 1141 2616 4165 2354 3676 2930 3562 5896 2661 2747 10644 2802 7659 2568 3125 5010 10472 5773
1709 11924 9196 7177 10946 11782 9645 8000 8196 1141 0 2525 4074 2263 3585 2839 3471 5805 2570 2062 10553 2711 7568 1883 3034 4919 10381 5682
3778 11151 8423 6404 10173 11009 8872 7227 7423 2616 2525 0 3301 2212 2812 2066 2698 5032 1797 4131 9780 1938 6795 3952 2261 4146 9608 4909
5327 9378 6650 4631 8400 9236 7099 5454 5650 4165 4074 3301 0 3761 1407 2883 2205 3259 2904 5680 8007 2439 5022 5501 1876 2373 7835 3136
3516 11611 8883 6864 10633 11469 9332 7687 7883 2354 2263 2212 3761 0 3272 2526 3158 5492 2257 3869 10240 2398 7255 3690 2721 4606 10068 5369
4838 9257 6529 4510 8279 9115 6978 5333 5529 3676 3585 2812 1407 3272 0 2394 1716 3138 2415 5191 7886 1950 4901 5012 1387 2252 7714 3015
4092 10733 8005 5986 9755 10591 8454 6809 7005 2930 2839 2066 2883 2526 2394 0 2280 4614 1669 4445 9362 1520 6377 4266 1843 3728 9190 4491
4724 10055 7327 5308 9077 9913 7776 6131 6327 3562 3471 2698 2205 3158 1716 2280 0 3936 2301 5077 8684 1836 5699 4898 1273 3050 8512 3813
7058 7163 4435 2416 6185 7021 4884 3239 3435 5896 5805 5032 3259 5492 3138 4614 3936 0 4635 7411 5792 4170 2807 7232 3607 2156 5620 1673
3823 10754 8026 6007 9776 10612 8475 6830 7026 2661 2570 1797 2904 2257 2415 1669 2301 4635 0 4176 9383 1541 6398 3997 1864 3749 9211 4512
1873 13530 10802 8783 12552 13388 11251 9606 9802 2747 2062 4131 5680 3869 5191 4445 5077 7411 4176 0 12159 4317 9174 695 4640 6525 11987 7288
11806 2797 2017 5194 1819 2655 2192 3263 2841 10644 10553 9780 8007 10240 7886 9362 8684 5792 9383 12159 0 8918 3621 11980 8355 6904 1382 6421
3964 10289 7561 5542 9311 10147 8010 6365 6561 2802 2711 1938 2439 2398 1950 1520 1836 4170 1541 4317 8918 0 5933 4138 1399 3284 8746 4047
8821 4992 2264 2209 4014 4850 2713 1068 1264 7659 7568 6795 5022 7255 4901 6377 5699 2807 6398 9174 3621 5933 0 8995 5370 3919 3449 3436
1694 13351 10623 8604 12373 13209 11072 9427 9623 2568 1883 3952 5501 3690 5012 4266 4898 7232 3997 695 11980 4138 8995 0 4461 6346 11808 7109
4287 9726 6998 4979 8748 9584 7447 5802 5998 3125 3034 2261 1876 2721 1387 1843 1273 3607 1864 4640 8355 1399 5370 4461 0 2721 8183 3484
6172 8275 5547 3528 7297 8133 5996 4351 4547 5010 4919 4146 2373 4606 2252 3728 3050 2156 3749 6525 6904 3284 3919 6346 2721 0 6732 2033
11634 2753 1845 5022 1775 2611 2020 3091 2669 10472 10381 9608 7835 10068 7714 9190 8512 5620 9211 11987 1382 8746 3449 11808 8183 6732 0 6249
6935 7792 5064 3045 6814 7650 5513 3868 4064 5773 5682 4909 3136 5369 3015 4491 3813 1673 4512 7288 6421 4047 3436 7109 3484 2033 6249 0
