26
0 1306 814 1296 1248 1034 1283 990 991 905 885 713 1073 838 1177 1020 696 1243 1230 1222 756 1099 1216 1332 1120 1299 
1306 0 1333 1191 912 1130 723 747 1181 1297 1255 1078 1303 833 994 1005 954 834 1336 843 1010 928 1184 1272 825 914 
814 1333 0 931 940 865 1343 1231 1337 1218 1111 1158 1227 1051 736 1204 1294 874 1144 744 729 757 1274 1325 1147 1302 
1296 1191 931 0 677 1043 1071 792 797 1225 1022 1095 1104 771 680 759 678 731 1094 979 1052 896 738 737 987 918 
1248 912 940 677 0 824 986 1084 782 1143 1180 1116 1271 708 1202 968 1038 1119 1018 1304 1290 981 1056 676 1207 1237 
1034 1130 865 1043 824 0 1189 733 1192 770 1239 1154 812 951 910 891 1233 1087 1288 1259 925 712 692 1171 732 810 
1283 723 1343 1071 986 1189 0 953 828 823 1326 721 689 1240 1025 1340 1006 1030 801 1035 845 761 1067 808 829 1113 
990 747 1231 792 1084 733 953 0 1253 911 805 1217 1013 920 1279 1265 946 1046 976 1188 1061 1309 1256 1187 749 975 
991 1181 1337 797 782 1192 828 1253 0 861 778 709 941 916 949 1074 1162 1275 1338 1280 973 683 1103 722 1047 1266 
905 1297 1218 1225 1143 770 823 911 861 0 924 780 1151 1001 959 841 852 1327 791 681 705 1157 1132 1091 996 1124 
885 1255 1111 1022 1180 1239 1326 805 778 924 0 803 1136 1029 1298 806 1229 775 1014 1291 1260 793 1160 1096 1152 839 
713 1078 1158 1095 1116 1154 721 1217 709 780 803 0 702 1007 1179 849 798 1024 948 882 684 943 932 844 1059 686 
1073 1303 1227 1104 1271 812 689 1013 941 1151 1136 702 0 1057 741 950 1176 1077 816 701 688 715 1027 1142 787 1324 
838 833 1051 771 708 951 1240 920 916 1001 1029 1007 1057 0 1032 1093 869 1125 915 1198 1209 1262 1100 1346 947 1282 
1177 994 736 680 1202 910 1025 1279 949 959 1298 1179 741 1032 0 748 1317 1117 929 1055 1287 1175 693 1092 937 768 
1020 1005 1204 759 968 891 1340 1265 1074 841 806 849 950 1093 748 0 1145 927 1114 1083 1197 690 735 788 1300 746 
696 954 1294 678 1038 1233 1006 946 1162 852 1229 798 1176 869 1317 1145 0 1063 956 837 1129 863 726 1068 890 942 
1243 834 874 731 1119 1087 1030 1046 1275 1327 775 1024 1077 1125 1117 927 1063 0 818 739 1102 876 1155 714 1213 881 
1230 1336 1144 1094 1018 1288 801 976 1338 791 1014 948 816 915 929 1114 956 818 0 774 1211 842 1070 1223 1215 969 
1222 843 744 979 1304 1259 1035 1188 1280 681 1291 882 701 1198 1055 1083 837 739 774 0 1206 1351 679 1263 1221 870 
756 1010 729 1052 1290 925 845 1061 973 705 1260 684 688 1209 1287 1197 1129 1102 1211 1206 0 831 1041 1182 725 1082 
1099 928 757 896 981 712 761 1309 683 1157 793 943 715 1262 1175 690 863 876 842 1351 831 0 1023 1140 1048 799 
1216 1184 1274 738 1056 692 1067 1256 1103 1132 1160 932 1027 1100 693 735 726 1155 1070 679 1041 1023 0 901 1214 776 
1332 1272 1325 737 676 1171 808 1187 722 1091 1096 844 1142 1346 1092 788 1068 714 1223 1263 1182 1140 901 0 1106 1127 
1120 825 1147 987 1207 732 829 749 1047 996 1152 1059 787 947 937 1300 890 1213 1215 1221 725 1048 1214 1106 0 1252 
1299 914 1302 918 1237 810 1113 975 1266 1124 839 686 1324 1282 768 746 942 881 969 870 1082 799 776 1127 1252 0 
