32
0 1073 1967 1099 1757 1095 1890 1267 1762 2025 1436 1161 1677 1390 1388 1236 1577 1226 1567 1051 1084 2020 1497 1344 1863 1366 1266 1614 1242 1922 1393 1359 
1073 0 1167 1337 1427 1927 1304 1571 1376 1471 1300 2041 1668 1470 1498 1838 1509 1993 2047 1107 1777 1752 1362 1578 1680 2002 1888 1635 1335 1485 1916 1544 
1967 1167 0 1162 1175 1058 2004 1489 2043 1873 1700 1877 1596 1599 1826 1891 1733 1667 1140 1604 1932 1172 1620 1659 1227 1910 1788 1871 1623 1343 1995 1334 
1099 1337 1162 0 1052 1378 1735 1081 1609 1246 1135 1738 1778 1725 1315 1386 1367 1579 1574 1691 2019 1970 1185 1516 1968 1428 2003 1603 1821 1908 1147 1413 
1757 1427 1175 1052 0 1670 1598 1285 1972 2021 1570 1483 2026 1810 1446 1258 1931 1698 1432 1764 1345 1042 1878 1588 1330 1710 1274 1917 1707 1305 1160 1913 
1095 1927 1058 1378 1670 0 1822 1431 1858 1070 1473 1719 1286 1608 2015 1624 1235 1841 1312 1198 1041 1035 1648 1290 1895 1353 1400 1904 1610 1280 1128 1768 
1890 1304 2004 1735 1598 1822 0 1100 1518 1959 1328 1583 1804 1761 1685 1846 1606 1923 1150 1512 1990 1718 1969 1730 1122 1920 1983 1318 1949 1883 1938 2046 
1267 1571 1489 1081 1285 1431 1100 0 1989 1580 1089 1439 2009 1121 1634 2023 1126 1419 1421 1884 1600 1048 1817 1215 1458 1601 1784 1125 1532 1921 1951 1412 
1762 1376 2043 1609 1972 1858 1518 1989 0 1948 1694 1524 1293 1831 1141 1514 1193 1753 1836 2028 1257 1269 1069 1745 1868 1297 1576 1308 1477 1981 1717 1538 
2025 1471 1873 1246 2021 1070 1959 1580 1948 0 1047 1148 1061 1861 1941 1857 1171 1120 1260 1326 1480 1835 1222 1572 1736 1977 1629 1322 1960 1411 1978 1273 
1436 1300 1700 1135 1570 1473 1328 1089 1694 1047 0 1205 1027 1375 1083 1929 1065 1303 1268 1523 1338 1270 1807 1046 1340 1542 1809 1870 1593 1239 1692 1925 
1161 2041 1877 1738 1483 1719 1583 1439 1524 1148 1205 0 1992 1063 1774 1645 1592 1696 1678 2012 1156 1316 1526 1163 1892 1919 1368 1818 1190 1414 1253 1136 
1677 1668 1596 1778 2026 1286 1804 2009 1293 1061 1027 1992 0 1476 1306 1557 1852 1879 1117 1597 1441 1384 1974 1134 1279 1170 1391 1683 1491 1138 1899 1357 
1390 1470 1599 1725 1810 1608 1761 1121 1831 1861 1375 1063 1476 0 1615 1383 1348 1906 1930 1219 1438 1199 1321 1800 1494 1853 1507 1301 1750 1241 1482 1459 
1388 1498 1826 1315 1446 2015 1685 1634 1141 1941 1083 1774 1306 1615 0 1165 1468 1192 1341 1585 1966 1465 1062 1263 1720 1291 1097 1806 1467 1457 2014 1481 
1236 1838 1891 1386 1258 1624 1846 2023 1514 1857 1929 1645 1557 1383 1165 0 1024 1265 1249 1113 1487 1673 1311 1946 1551 1525 1520 1723 1264 1049 1586 1802 
1577 1509 1733 1367 1931 1235 1606 1126 1193 1171 1065 1592 1852 1348 1468 1024 0 1416 1611 1102 1548 1502 1183 1238 1044 1450 1617 1664 1387 1902 1230 1986 
1226 1993 1667 1579 1698 1841 1923 1419 1753 1120 1303 1696 1879 1906 1192 1265 1416 0 1563 1565 1808 1329 2032 1447 1223 1655 1915 1224 1866 1176 2016 1644 
1567 2047 1140 1574 1432 1312 1150 1421 1836 1260 1268 1678 1117 1930 1341 1249 1611 1563 0 1618 1038 1159 1660 1091 1756 1110 1783 1292 1851 1342 1958 1146 
1051 1107 1604 1691 1764 1198 1512 1884 2028 1326 1523 2012 1597 1219 1585 1113 1102 1565 1618 0 1980 1250 1028 1444 1954 1515 1988 1612 1864 1880 1220 1164 
1084 1777 1932 2019 1345 1041 1990 1600 1257 1480 1338 1156 1441 1438 1966 1487 1548 1808 1038 1980 0 1584 1207 1945 1067 1589 1950 1181 1856 1443 1996 1885 
2020 1752 1172 1970 1042 1035 1718 1048 1269 1835 1270 1316 1384 1199 1465 1673 1502 1329 1159 1250 1584 0 2017 1451 1203 1522 1277 1074 1814 1440 1840 1997 
1497 1362 1620 1185 1878 1648 1969 1817 1069 1222 1807 1526 1974 1321 1062 1311 1183 2032 1660 1028 1207 2017 0 2006 1254 2027 1445 1795 1961 1115 1075 1772 
1344 1578 1659 1516 1588 1290 1730 1215 1745 1572 1046 1163 1134 1800 1263 1946 1238 1447 1091 1444 1945 1451 2006 0 1647 1754 1501 1771 2029 1654 1918 1243 
1863 1680 1227 1968 1330 1895 1122 1458 1868 1736 1340 1892 1279 1494 1720 1551 1044 1223 1756 1954 1067 1203 1254 1647 0 1541 1537 1364 1937 1510 1759 1261 
1366 2002 1910 1428 1710 1353 1920 1601 1297 1977 1542 1919 1170 1853 1291 1525 1450 1655 1110 1515 1589 1522 2027 1754 1541 0 1732 1216 1377 1812 1789 1098 
1266 1888 1788 2003 1274 1400 1983 1784 1576 1629 1809 1368 1391 1507 1097 1520 1617 1915 1783 1988 1950 1277 1445 1501 1537 1732 0 1658 1942 1511 1320 1310 
1614 1635 1871 1603 1917 1904 1318 1125 1308 1322 1870 1818 1683 1301 1806 1723 1664 1224 1292 1612 1181 1074 1795 1771 1364 1216 1658 0 1560 1582 2000 1488 
1242 1335 1623 1821 1707 1610 1949 1532 1477 1960 1593 1190 1491 1750 1467 1264 1387 1866 1851 1864 1856 1814 1961 2029 1937 1377 1942 1560 0 1965 1911 1104 
1922 1485 1343 1908 1305 1280 1883 1921 1981 1411 1239 1414 1138 1241 1457 1049 1902 1176 1342 1880 1443 1440 1115 1654 1510 1812 1511 1582 1965 0 2001 1926 
1393 1916 1995 1147 1160 1128 1938 1951 1717 1978 1692 1253 1899 1482 2014 1586 1230 2016 1958 1220 1996 1840 1075 1918 1759 1789 1320 2000 1911 2001 0 1347 
1359 1544 1334 1413 1913 1768 2046 1412 1538 1273 1925 1136 1357 1459 1481 1802 1986 1644 1146 1164 1885 1997 1772 1243 1261 1098 1310 1488 1104 1926 1347 0 
